              precision    recall  f1-score   support

           0       0.49      0.14      0.21      4487
           1       0.49      0.59      0.53     47688
           2       0.12      0.01      0.02      1582
           3       0.70      0.27      0.39      3204
           4       0.00      0.00      0.00       926
           5       0.63      0.75      0.69     19078
           6       0.52      0.43      0.47     19443
           7       0.36      0.37      0.36     25142
           8       0.00      0.00      0.00       215
           9       0.40      0.32      0.36     16952
          10       0.00      0.00      0.00      3242
          11       0.41      0.14      0.21      3704
          12       0.00      0.00      0.00      1606
          13       0.58      0.50      0.54     23473
          14       0.00      0.00      0.00      2914
          15       0.37      0.01      0.03      2945
          16       0.54      0.51      0.52     34484
          17       0.00      0.00      0.00       124
          18       0.33      0.67      0.44     19186
          19       0.00      0.00      0.00        32
          20       0.00      0.00      0.00        25
          21       0.52      0.01      0.02      2857
          22       0.44      0.22      0.30      1813
          23       0.00      0.00      0.00       799
          24       0.00      0.00      0.00       489
          25       0.00      0.00      0.00         1
          26       0.00      0.00      0.00       225
          27       0.00      0.00      0.00      3499
          28       0.47      0.08      0.13      5329
          29       0.70      0.88      0.78     28964
          30       0.00      0.00      0.00        41
          31       0.00      0.00      0.00       608
          32       0.67      0.75      0.71     49367
          33       0.89      0.91      0.90      3236

    accuracy                           0.54    327680
   macro avg       0.28      0.22      0.22    327680
weighted avg       0.51      0.54      0.51    327680
