              precision    recall  f1-score   support

           0       0.69      0.55      0.61      4515
           1       0.81      0.88      0.84     47955
           2       0.53      0.95      0.68      1562
           3       0.70      0.32      0.44      3173
           4       0.00      0.00      0.00       912
           5       0.89      0.89      0.89     19025
           6       0.74      0.83      0.78     19575
           7       0.66      0.74      0.70     25195
           8       0.00      0.00      0.00       231
           9       0.77      0.76      0.76     17158
          10       0.63      0.68      0.66      3296
          11       0.50      0.76      0.61      3734
          12       0.00      0.00      0.00      1595
          13       0.84      0.78      0.81     23583
          14       0.51      0.12      0.20      2921
          15       0.60      0.19      0.28      2957
          16       0.75      0.83      0.79     34284
          17       0.00      0.00      0.00       118
          18       0.80      0.70      0.75     19092
          19       0.00      0.00      0.00        32
          20       0.00      0.00      0.00        26
          21       0.80      0.61      0.69      2809
          22       0.64      0.66      0.65      1799
          23       0.64      0.23      0.34       756
          24       0.54      0.77      0.63       504
          25       0.00      0.00      0.00         3
          26       0.00      0.00      0.00       222
          27       0.90      0.86      0.88      3540
          28       0.72      0.72      0.72      5400
          29       0.92      0.92      0.92     28695
          30       0.00      0.00      0.00        35
          31       0.00      0.00      0.00       603
          32       0.97      0.97      0.97     49098
          33       1.00      1.00      1.00      3277

    accuracy                           0.81    327680
   macro avg       0.52      0.49      0.49    327680
weighted avg       0.80      0.81      0.80    327680
