              precision    recall  f1-score   support

           0       0.00      0.00      0.00      5753
           1       0.38      0.72      0.50     58436
           2       0.00      0.00      0.00      7806
           3       0.00      0.00      0.00      3109
           4       0.00      0.00      0.00       680
           5       0.00      0.00      0.00      2001
           6       0.15      0.77      0.25      7216
           7       0.28      0.70      0.40     14071
           8       0.00      0.00      0.00       328
           9       0.97      0.15      0.26     20982
          10       0.00      0.00      0.00      3421
          11       0.00      0.00      0.00      7049
          12       0.00      0.00      0.00      1113
          13       0.04      0.12      0.06     12216
          14       0.00      0.00      0.00       904
          15       0.00      0.00      0.00      3717
          16       0.64      0.12      0.21     59290
          17       0.00      0.00      0.00        58
          18       0.15      0.05      0.07     25679
          19       0.00      0.00      0.00       160
          20       0.00      0.00      0.00       130
          21       0.00      0.00      0.00        24
          22       0.00      0.00      0.00       388
          23       0.00      0.00      0.00       556
          26       0.00      0.00      0.00       127
          27       0.17      0.01      0.02       217
          28       0.44      0.02      0.03      6042
          29       0.74      0.44      0.55     16080
          30       0.00      0.00      0.00       176
          32       0.98      0.97      0.98     69951
          33       0.00      0.00      0.00         0

    accuracy                           0.44    327680
   macro avg       0.16      0.13      0.11    327680
weighted avg       0.53      0.44      0.41    327680
